0.000000000000000000e+00 0.000000000000000000e+00
1.000000000000000000e+00 6.947799999999999809e-02
2.000000000000000000e+00 2.753880000000000217e-01
3.000000000000000000e+00 6.129960000000000964e-01
4.000000000000000000e+00 1.076332000000000066e+00
5.000000000000000000e+00 1.658279999999999976e+00
6.000000000000000000e+00 2.350626000000000104e+00
7.000000000000000000e+00 3.144168999999999770e+00
8.000000000000000000e+00 4.028783999999999921e+00
9.000000000000000000e+00 4.993514999999999482e+00
1.000000000000000000e+01 6.026699999999999946e+00
1.100000000000000000e+01 7.116032000000000579e+00
1.200000000000000000e+01 8.248704000000000036e+00
1.300000000000000000e+01 9.411493000000000109e+00
1.400000000000000000e+01 1.059087399999999946e+01
1.500000000000000000e+01 1.177313999999999972e+01
1.600000000000000000e+01 1.294451199999999957e+01
1.700000000000000000e+01 1.409124899999999947e+01
1.800000000000000000e+01 1.519970399999999877e+01
1.900000000000000000e+01 1.625655199999999923e+01
2.000000000000000000e+01 1.724878000000000000e+01
2.100000000000000000e+01 1.816384499999999846e+01
2.200000000000000000e+01 1.898978400000000022e+01
2.300000000000000000e+01 1.971523200000000031e+01
2.400000000000000000e+01 2.032960800000000035e+01
2.500000000000000000e+01 2.082315000000000182e+01
2.600000000000000000e+01 2.118693199999999877e+01
2.700000000000000000e+01 2.141307899999999975e+01
2.800000000000000000e+01 2.149464799999999798e+01
2.900000000000000000e+01 2.142589600000000161e+01
3.000000000000000000e+01 2.120208000000000226e+01
3.100000000000000000e+01 2.081969299999999734e+01
3.200000000000000000e+01 2.027641600000000111e+01
3.300000000000000000e+01 1.957114499999999779e+01
3.400000000000000000e+01 1.870401199999999875e+01
3.500000000000000000e+01 1.767636500000000055e+01
3.600000000000000000e+01 1.649077199999999976e+01
3.700000000000000000e+01 1.515105600000000052e+01
3.800000000000000000e+01 1.366225399999999901e+01
3.900000000000000000e+01 1.203048600000000157e+01
4.000000000000000000e+01 1.026304000000000016e+01
4.100000000000000000e+01 8.368387000000000242e+00
4.200000000000000000e+01 6.355859999999999843e+00
4.300000000000000000e+01 4.235886999999999958e+00
4.400000000000000000e+01 2.019820000000000171e+00
4.500000000000000000e+01 -2.802600000000000091e-01
4.600000000000000000e+01 -2.651440000000000019e+00
4.700000000000000000e+01 -5.080136000000000429e+00
4.800000000000000000e+01 -7.552224000000000714e+00
4.900000000000000000e+01 -1.005298699999999990e+01
5.000000000000000000e+01 -1.256734999999999935e+01
5.100000000000000000e+01 -1.507993499999999898e+01
5.200000000000000000e+01 -1.757516800000000146e+01
5.300000000000000000e+01 -2.003739200000000054e+01
5.400000000000000000e+01 -2.245087799999999945e+01
5.500000000000000000e+01 -2.479999499999999912e+01
5.600000000000000000e+01 -2.706939200000000056e+01
5.700000000000000000e+01 -2.924396399999999829e+01
5.800000000000000000e+01 -3.130892199999999903e+01
5.900000000000000000e+01 -3.325021699999999925e+01
6.000000000000000000e+01 -3.505404000000000053e+01
6.100000000000000000e+01 -3.670760399999999635e+01
6.200000000000000000e+01 -3.819863399999999842e+01
6.300000000000000000e+01 -3.951580500000000029e+01
6.400000000000000000e+01 -4.064870400000000217e+01
6.500000000000000000e+01 -4.158791000000000082e+01
6.600000000000000000e+01 -4.232507400000000075e+01
6.700000000000000000e+01 -4.285293200000000269e+01
6.800000000000000000e+01 -4.316544799999999782e+01
6.900000000000000000e+01 -4.325761800000000079e+01
7.000000000000000000e+01 -4.312595000000000312e+01
7.100000000000000000e+01 -4.276798599999999340e+01
7.200000000000000000e+01 -4.218278399999999806e+01
7.300000000000000000e+01 -4.137055999999999756e+01
7.400000000000000000e+01 -4.033288600000000201e+01
7.500000000000000000e+01 -3.907275000000000631e+01
7.600000000000000000e+01 -3.759423600000000221e+01
7.700000000000000000e+01 -3.590294400000000508e+01
7.800000000000000000e+01 -3.400565999999999889e+01
7.900000000000000000e+01 -3.191039099999999706e+01
8.000000000000000000e+01 -2.962640000000000029e+01
8.100000000000000000e+01 -2.716391700000000142e+01
8.200000000000000000e+01 -2.453448200000000057e+01
8.300000000000000000e+01 -2.175048200000000165e+01
8.400000000000000000e+01 -1.882557600000000164e+01
8.500000000000000000e+01 -1.577387499999999854e+01
8.600000000000000000e+01 -1.261069599999999902e+01
8.700000000000000000e+01 -9.351803999999999562e+00
8.800000000000000000e+01 -6.013831999999999844e+00
8.900000000000000000e+01 -2.613929999999999865e+00
9.000000000000000000e+01 8.304300000000001125e-01
9.100000000000000000e+01 4.301388000000000211e+00
9.200000000000000000e+01 7.780807999999999502e+00
9.300000000000000000e+01 1.125020999999999916e+01
9.400000000000000000e+01 1.469126000000000154e+01
9.500000000000000000e+01 1.808562500000000028e+01
9.600000000000000000e+01 2.141500800000000027e+01
9.700000000000000000e+01 2.466166800000000237e+01
9.800000000000000000e+01 2.780779399999999768e+01
9.900000000000000000e+01 3.083642100000000141e+01
1.000000000000000000e+02 3.373080000000000211e+01
